241112 2146 -28  0.66  28.1260691  KE8WRF EN81 23          0  0.17  1  1   24  0  34   119  -108
241112 2148 -21  0.96  28.1261607  N8SAN EN82 23           0  0.35  1  1    0  0  24     2   268
241112 2150 -17  1.01  28.1261106  KR6RG DM13 23           0  0.38  1  1    0  0  26     3   283
241112 2150  -5  0.92  28.1261418  WB8ILI EN82 37          0  0.60  1  1    0  0  26     1   275
241112 2158 -21  0.32  28.1262023  W8SQR EN82 40           0  0.40  1  1    0  0   8     1   488
241112 2200 -21  0.92  28.1261211  N8SAN EN82 23           1  0.22  1  1    0  1  39     1   810
241112 2204 -24  1.05  28.1260696  WB6HSC DM03 23          0  0.32  1  1    0  0  16     1   327
241112 2204 -26  0.71  28.1261395  KE8WRF EN81 23          0  0.24  1  1    0  0  21    13   109
241112 2204 -14  1.09  28.1262016  KR6RG DM13 23           0  0.45  1  1    0  0   3     1   633
241112 2310 -26 -3.56  28.1261535  AE7KH CN85 23           0  0.28  1  1    0  0  19     1   312
241112 2320 -29  1.05  28.1261107  VE5MGM DO62  3         -1  0.18  1  1    0  0  25   413   -95
241112 2322 -27 -3.69  28.1260683  AE7KH CN85 23           0  0.21  3  1   56  1  37     1   810
241113 2252 -26  1.05  28.1261745  VE3GTM FN15 33          0  0.20  1  1    0  0  24   136   -11
241113 2254 -28  0.92  28.1260587  KW4DE EM95 23           0  0.18  1  1    0  0  24     4   -82
241113 2254 -14  1.22  28.1261607  WB8ILI EN82 37          0  0.62  1  1    0  0   0     1   679
241113 2256 -21  1.22  28.1261109  AD8Y EN91 33            0  0.41  1  1    0  0   2     1   625
241113 2258 -19  1.52  28.1260742  VE3EBR FN25 33          0  0.36  1  1    0  0   6     1   506
241113 2300 -21 -0.06  28.1261733  VE3GTM FN15 33          0  0.27  1  1    0  0  27   190   -35
241113 2300 -26  0.24  28.1261883  N8SAN EN82 23           0  0.18  1  1    0  1  41     1   810
241113 2302 -24  1.47  28.1261318  KR6RG DM13 23           0  0.20  1  1    0  0  22     3    59
241113 2304 -23  0.41  28.1261318  <KR6RG> DM13EM 23       0  0.29  1  1    0  0   9     1   452
241113 2304 -13  0.19  28.1261607  WB8ILI EN82 37          0  0.48  1  1    0  0   8     1   402
241113 2306 -18  1.26  28.1261098  <AD8Y> EN91FL 33        0  0.51  1  1    0  0   5     1   536
241117 1620 -21  0.54  28.1260748  KD9ZCL EN34 43          0  0.43  1  1    0  0  11     1   390
241117 1620 -22  0.71  28.1261585  KQ4WNI EL99 37          1  0.33  1  1    0  0  14     1   445
241117 1624 -25  0.58  28.1260915  K9RLL DM33 13           0  0.25  1  1    0  0  24     1   223
241117 1624 -24  1.01  28.1262080  KR6RG DM13 23           0  0.34  1  1    0  0   5     1   580
241117 1626 -14  0.75  28.1260257  <...> EN52ET 30        -3  0.47  1  1    0  0  48     1   590
241117 1626 -28  0.96  28.1262078  <KR6RG> DM13EM 23       0  0.19  3  2    8  0  21   140   -22
241117 1628 -31  0.92  28.1261050  KB9AMG EN52 23          0  0.13  3  3    0  0  32   414  -217
241117 1630 -19 -0.10  28.1260737  KD9ZCL EN34 43          0  0.40  1  1    0  0  29   221   -16
241117 1632 -22  0.79  28.1261570  KQ4WNI EL99 37          3  0.31  1  1    0  0   6     1   515
241117 1632 -24  0.96  28.1261671  WB8ILI EN82 37          0  0.28  1  1    0  0  25     2    68
241117 1634 -29  0.62  28.1260626  <...> EN34JS 23         0  0.18  3  1  -16  0  60   119  -118
241117 1634 -27  0.54  28.1261029  K9RLL DM33 13           0  0.20  1  1    0  0  30    23    15
241117 1634 -14  2.20  28.1261248  NQ6B DM12 37            0  0.60  1  1    0  0   4     1   578
241117 1638  -9  1.47  28.1261206  AG0X EL96 37           -3  0.48  1  1    0  0   5     1   490
241117 1638 -24  0.71  28.1261979  K6MCS CM98 37          -1  0.30  1  1    0  0  13     1   450
241117 1640 -27  0.96  28.1260734  KD9ZCL EN34 43          0  0.18  1  1   -8  1  37     1   810
241117 1640 -21  0.83  28.1261573  KQ4WNI EL99 37          2  0.41  1  1    0  0   2     1   673
241117 1644 -27  0.66  28.1260932  K9RLL DM33 13           0  0.21  1  1    0  0  20     1   182
241117 1644 -28  0.54  28.1260985  KW4DE EM95 23           0  0.14  2  1    0  1  35     1   810
241117 1644 -24  0.96  28.1261671  WB8ILI EN82 37          0  0.32  1  1    0  0  20     1   298
241117 1648 -28  0.75  28.1260732  KD9ZCL EN34 43          1  0.19  1  1    8  1  40     1   810
241117 1650 -26 -0.57  28.1261870  N2UQS FN30 30           2  0.22  1  1    0  0  38    84  -176
241117 1652 -22  0.83  28.1261569  KQ4WNI EL99 37          2  0.34  1  1    0  0   1     1   646
241117 1654 -19  0.83  28.1260245  KF9KV EN52 30          -3  0.44  1  1    0  0   3     1   589
241117 1654 -20  0.96  28.1261666  WB8ILI EN82 37          0  0.34  1  1    0  0  10     1   452
241117 1656 -22  0.83  28.1260873  KG7YC DM33 30          -1  0.39  1  1    0  0   5     1   554
241117 1656 -27  0.96  28.1261649  KB9AMG EN52 23          0  0.15  1  1    0  1  30     1   810
241117 1658 -31  0.83  28.1260728  KD9ZCL EN34 43          0  0.12  3  1  -24  1  42     1   810
241117 1658 -11  1.47  28.1261189  AG0X EL96 37           -1  0.42  1  1    0  0   7     1   605
241117 1700 -16  0.75  28.1260241  <KF9KV> EN52ET 30      -2  0.48  1  1    0  0   2     1   609
241117 1700 -26  0.79  28.1261949  K6MCS CM98 37           0  0.25  1  1    0  0  19     1   215
241117 1702 -26  0.83  28.1260592  KT7AZ DM42 20           0  0.19  1  1    0  0  22     5    89
241117 1702 -23  0.49  28.1261008  N9DJN EN53 40           0  0.32  1  1    0  0  16     1   355
241117 1702 -19  0.49  28.1261533  AE7YQ DM41 20           0  0.43  1  1    0  0   8     1   487
241117 1702 -16  2.03  28.1261611  NQ6B DM12 37            0  0.37  1  1    0  0  16     1   236
241117 1702 -16  0.88  28.1261659  WB8ILI EN82 37          0  0.43  1  1    0  0   7     1   528
241117 1704 -27  0.58  28.1261085  K9RLL DM33 13           0  0.27  1  1    0  0  24    37    58
241117 1704 -21  0.79  28.1261567  KQ4WNI EL99 37          3  0.35  1  1    0  0   2     1   615
241117 1704 -24  0.88  28.1261916  KW4TN EM75 37           0  0.29  1  1    0  0  18     1   310
241117 1708 -30  0.83  28.1260726  KD9ZCL EN34 43          0  0.17  1  1  -16  1  39     1   810
241117 1710 -16  0.58  28.1260241  KF9KV EN52 30          -2  0.49  1  1    0  0   9     1   457
241117 1714 -26  0.88  28.1261563  KQ4WNI EL99 37          2  0.21  1  1    0  0  29     2    89
241117 1714 -16  0.83  28.1261635  WB8ILI EN82 37          0  0.55  1  1    0  0   2     1   527
241117 1718 -22  0.79  28.1260239  <KF9KV> EN52ET 30      -3  0.34  1  1    0  0  13     1   451
241117 1718 -30  0.66  28.1262012  K6MCS CM98 37           0  0.12  3  1   -8  1  39     1   810
241117 1720 -30  0.92  28.1261275  NJ6E CM88 23            0  0.16  1  1    0  0  33   356   -67
241117 1720 -22  0.96  28.1261557  KR6RG DM13 23           0  0.27  1  1    0  0  21     1   284
241117 1722 -22  1.05  28.1261556  <KR6RG> DM13EM 23       0  0.27  1  1    0  0  22     1   196
241117 1724 -26  0.71  28.1260728  KD9ZCL EN34 43          0  0.22  1  1    0  1  44     1   810
241117 1724 -23  0.71  28.1261844  KD9QZO EN52 37          2  0.25  1  1    0  0  23    29   112
241117 1726 -21  0.75  28.1261559  KQ4WNI EL99 37          2  0.40  1  1    0  0   2     1   657
241117 1726 -23  0.83  28.1261632  WB8ILI EN82 37          0  0.44  1  1    0  0  15     1   425
241117 1730 -17  2.16  28.1261859  NQ6B DM12 37            0  0.48  1  1    0  0   0     1   731
241117 1734 -22  0.79  28.1261628  WB8ILI EN82 37          0  0.32  1  1    0  0  15     1   288
241117 1734 -27  0.92  28.1261801  KR6RG DM13 23           0  0.25  1  1    0  0  19     1   263
241117 1736 -23  0.79  28.1260720  KD9ZCL EN34 43          0  0.36  1  1    0  0   5     1   559
241117 1736 -27  0.96  28.1261801  <KR6RG> DM13EM 23       0  0.23  1  1    0  0  21     2   284
241117 1738 -20  0.79  28.1261558  KQ4WNI EL99 37          2  0.41  1  1    0  0   2     1   657
241117 1740 -30  1.05  28.1260723  VE3EBR FN25 33          0  0.14  1  1  -16  1  35     1   810
241117 1746 -24  0.75  28.1260718  KD9ZCL EN34 43          0  0.32  1  1    0  0  17     1   295
241117 1752 -22 -1.04  28.1261849  N2UQS FN30 30           2  0.38  1  1    0  0   7     1   482
241117 1754 -24  0.62  28.1260716  KD9ZCL EN34 43          0  0.26  1  1    0  0  18     1   250
241117 1754 -21  0.71  28.1261598  WB8ILI EN82 37          0  0.34  1  1    0  0   9     1   546
241117 1758 -12  2.16  28.1261517  NQ6B DM12 37           -1  0.59  1  1    0  0   1     1   660
241117 1802 -26  1.01  28.1261339  KR6RG DM13 23           0  0.24  1  1    0  0  29    55    19
241117 1802 -27  0.75  28.1261898  K6MCS CM98 37           0  0.14  1  1    0  1  36     1   810
241117 1804 -28  1.01  28.1261339  <KR6RG> DM13EM 23       0  0.16  3  1   24  0  29   141  -170
241117 1808 -20  0.83  28.1260228  <KF9KV> EN52ET 30      -3  0.41  1  1    0  0   5     1   545
241117 1808 -28  0.79  28.1260713  KD9ZCL EN34 43          0  0.20  1  1    0  1  36     1   810
241117 1810 -15  0.79  28.1261586  WB8ILI EN82 37          0  0.52  1  1    0  0   0     1   695
241117 1812 -30  0.54  28.1261778  KW4DE EM95 23           0  0.13  1  1   24  1  45     1   810
241117 1814 -27 -0.02  28.1261832  W6NJX DM13 33           1  0.21  1  1    0  0  20     4   206
241117 1816 -21  0.79  28.1260225  KF9KV EN52 30          -3  0.37  1  1    0  0   6     1   514
241117 1816 -26  0.88  28.1260714  KD9ZCL EN34 43          0  0.29  1  1    0  0  16     1   243
241117 1816 -24  1.09  28.1260951  KR6RG DM13 23           0  0.30  1  1    0  0  15     1   372
241117 1822 -15  0.83  28.1260218  <KF9KV> EN52ET 30      -2  0.55  1  1    0  0   4     1   510
241117 1822 -17  0.96  28.1261603  WB8ILI EN82 37          0  0.54  1  1    0  0   5     1   540
241117 1826 -18  2.20  28.1261794  NQ6B DM12 37            0  0.50  1  1    0  0   1     1   588
241117 1828 -25  0.79  28.1260706  KD9ZCL EN34 43          0  0.26  1  1    0  0  25    57   103
241117 1830 -16  0.58  28.1260223  KF9KV EN52 30          -3  0.46  1  1    0  0   8     3   275
241117 1830 -22  0.71  28.1261612  WB8ILI EN82 37          1  0.33  1  1    0  0  23     9    68
241117 1838 -13  0.79  28.1260218  <KF9KV> EN52ET 30      -3  0.60  1  1    0  0   0     1   578
241117 1838 -20  0.92  28.1261604  WB8ILI EN82 37          0  0.44  1  1    0  0   8     1   468
241117 1838 -25  0.83  28.1261912  K6MCS CM98 37           0  0.27  1  1    0  0  18     1   289
241117 1840 -22  0.62  28.1260703  KD9ZCL EN34 43          0  0.29  1  1    0  0  18     1   259
241117 1846 -26  0.96  28.1261686  <KR6RG> DM13EM 23       0  0.14  1  1    8  0  34   182  -124
241117 1848 -16  0.83  28.1260218  KF9KV EN52 30          -3  0.42  1  1    0  0   3     1   609
241117 1848 -23  0.79  28.1260701  KD9ZCL EN34 43          0  0.31  1  1    0  0  18     2   279
241117 1848 -29  0.79  28.1261939  K6MCS CM98 37           0  0.22  1  1    0  0  22     2    85
241117 1858 -26  0.92  28.1260700  KD9ZCL EN34 43          0  0.22  1  1    0  1  39     1   810
241117 1858 -26  0.83  28.1261566  WB8ILI EN82 37          0  0.28  1  1    0  0  15     1   303
241127 1532 -26  1.65  28.1260647  KN6OKY/D 23             0  0.23  1  1    0  0  32    45   -52
241127 1532 -16  1.90  28.1260752  KD9ZCL EN34 43          0  0.51  1  1    0  0   2     1   571
241127 1534 -26  2.07  28.1261665  KR6RG DM13 23           0  0.24  1  1    0  0  28    12    19
241127 1534 -17  1.90  28.1261977  KD0TIG EN34 37          0  0.47  1  1    0  0   5     1   573
241127 1536 -21  2.07  28.1261664  <KR6RG> DM13EM 23       0  0.43  1  1    0  0   3     1   590
241127 1540 -19  1.05  28.1260749  KD9ZCL EN34 43          0  0.42  1  1    0  0  15     2   225
241127 1540 -18  1.05  28.1261710  WB8ILI EN82 37          0  0.49  1  1    0  0  10     1   432
241127 1542 -26  1.69  28.1260653  KN6OKY/D 23             0  0.19  1  1    0  1  41     1   810
241127 1542 -16  3.22  28.1261596  NQ6B DM12 37            0  0.49  1  1    0  0   1     1   558
241127 1544 -13  1.86  28.1261975  KD0TIG EN34 37          0  0.60  1  1    0  0   0     1   707
241127 1548 -20  1.94  28.1260746  KD9ZCL EN34 43          0  0.50  1  1    0  0   3     1   576
241127 1548 -21  2.16  28.1261741  KR6RG DM13 23           0  0.40  1  1    0  0   7     1   527
241127 1550 -29  2.07  28.1261459  NJ6E CM88 23            0  0.17  1  1   -8  1  28     1   810
241127 1550 -24  2.07  28.1261740  <KR6RG> DM13EM 23       0  0.33  1  1    0  0  22     2   141
241127 1552 -27  1.73  28.1260768  KN6OKY/D 23             0  0.20  1  1    0  0  32     7    -1
241127 1552 -19  1.99  28.1261696  WB8ILI EN82 37          0  0.44  1  1    0  0  12     1   406
241127 1552 -11  1.94  28.1261971  KD0TIG EN34 37          0  0.72  1  1    0  0   0     1   770
241127 1554 -22  1.94  28.1261873  KD9BGS EN70 43          2  0.36  1  1    0  0   9     1   449
241127 1604 -19  1.94  28.1260824  ZF1DM EK99 33           0  0.52  1  1    0  0   0     1   744
241127 1606 -23  1.90  28.1260819  ZF1DM EK99 33          -1  0.31  1  1    0  0  13     1   370
241127 1608 -24  1.99  28.1261702  WB8ILI EN82 37          0  0.31  1  1    0  0  18     1   258
241127 1608 -25  1.99  28.1261874  KD9BGS EN70 43          2  0.31  1  1    0  0   9     1   483
241127 1610 -28  1.65  28.1261435  KW4DE EM95 23           0  0.14  1  1    0  1  33     1   810
241127 1610 -10  3.27  28.1261883  NQ6B DM12 37            0  0.70  1  1    0  0   1     1   689
241127 1610 -14  1.90  28.1261970  KD0TIG EN34 37          0  0.59  1  1    0  0   5     1   595
241127 1612 -18  1.86  28.1260737  KD9ZCL EN34 43          0  0.50  1  1    0  0  10     1   481
241127 1612 -26  1.90  28.1261688  AF8A EN91 30            1  0.16  1  1    0  0  30    68  -102
241127 1614 -27  1.82  28.1260811  ZF1DM EK99 33           1  0.22  1  1    0  0  20    49    62
241127 1616 -24  2.07  28.1261600  KR6RG DM13 23           0  0.20  1  1    0  0  19     1   250
241127 1616 -19  1.94  28.1261717  WB8ILI EN82 37          0  0.50  1  1    0  0   7     1   617
241127 1616 -23  1.90  28.1261873  KD9BGS EN70 43          2  0.38  1  1    0  0  15     1   355
241127 1618 -21  1.86  28.1260920  VE6SAR DO16 33          0  0.39  1  1    0  0   9     1   450
241127 1618 -25  2.03  28.1261600  <KR6RG> DM13EM 23       0  0.24  1  1    0  0  26     8     5
241127 1618 -25  1.82  28.1261914  K6MCS CM98 37           0  0.30  1  1    0  0  12     1   378
241127 1620 -16  1.90  28.1261968  KD0TIG EN34 37          0  0.57  1  1    0  0   5     1   554
241127 1622 -19  1.86  28.1260738  KD9ZCL EN34 43          0  0.46  1  1    0  0   7     1   530
241127 1626 -22  1.94  28.1261715  WB8ILI EN82 37          0  0.36  1  1    0  0   9     1   457
241127 1628 -23  1.90  28.1260822  ZF1DM EK99 33           1  0.37  1  1    0  0   7     1   542
241127 1628 -25  1.94  28.1261868  KD9BGS EN70 43          2  0.29  1  1    0  0  19     1   309
241127 1628 -13  1.90  28.1261966  KD0TIG EN34 37          0  0.63  1  1    0  0   2     1   566
241127 1630 -24  2.16  28.1261877  KR6RG DM13 23           0  0.29  1  1    0  0   8     1   501
241127 1632 -25  2.16  28.1261878  <KR6RG> DM13EM 23       0  0.25  1  1    0  0  15     1   275
241127 1634 -13  1.90  28.1260736  KD9ZCL EN34 43          0  0.62  1  1    0  0   2     1   562
241127 1634 -17  1.94  28.1261710  WB8ILI EN82 37          0  0.54  1  1    0  0   6     1   592
241127 1636 -22  1.82  28.1260680  KE8WSI EM79 40          0  0.37  1  1    0  0   2     1   575
241127 1636  -9  1.90  28.1261963  KD0TIG EN34 37          0  0.64  1  1    0  0   1     1   557
241127 1638 -16  3.27  28.1261469  NQ6B DM12 37            0  0.54  1  1    0  0   7     1   513
241127 1638 -22  1.90  28.1261866  KD9BGS EN70 43          2  0.34  1  1    0  0  10     1   455
241127 1644 -15  1.69  28.1260733  KD9ZCL EN34 43          0  0.54  1  1    0  0   4     1   556
241127 1644 -12  1.73  28.1261960  KD0TIG EN34 37          0  0.58  1  1    0  0   2     1   625
241127 1646 -22  1.94  28.1260837  ZF1DM EK99 33           1  0.34  1  1    0  0   7     1   509
241127 1646 -25  1.90  28.1261705  WB8ILI EN82 37          0  0.22  1  1    0  0  26     5   100
241127 1650 -20  1.94  28.1261863  KD9BGS EN70 43          2  0.46  1  1    0  0   0     1   694
241127 1652 -27  1.77  28.1260784  KN6OKY/D 23             0  0.24  1  1    0  0  14     1   293
